Conveyor
ff
input.txt
data\music\stronger.ogg
Gold
data\img\stronger.png
data\fonts\aller.ttf
data\music\click_sound.ogg
682556
2000000
0
1165654
2000000
2
1499154
2000000
1
1832104
2000000
3
2199514
2000000
1
2565671
2000000
0
2981679
2000000
0
3448127
2000000
1
3599010
2000000
2
3815807
2000000
0
4215698
2000000
3
4548548
2000000
1
4915376
2000000
2
5248723
2000000
3
5615217
2000000
2
5981446
2000000
1
6348455
2000000
0
6698223
2000000
1
7081711
2000000
2
7414386
2000000
3
7781725
2000000
2
8215432
2000000
1
8581745
2000000
0
8948465
2000000
0
9331958
2000000
0
9514461
2000000
0
9731703
2000000
1
9948615
2000000
2
10364964
2000000
3
10764787
2000000
1
11164485
2000000
2
11564685
2000000
3
11948080
2000000
0
12314107
2000000
1
12648360
2000000
2
13031557
2000000
3
13431320
2000000
2
13797184
2000000
1
14148153
2000000
0
14531171
2000000
2
15331183
2000000
3
15698131
2000000
2
16114341
2000000
1
16464480
2000000
0
16848042
2000000
3
17197991
2000000
2
17580999
2000000
1
18664597
2000000
3
19047719
2000000
0
19414048
2000000
3
19780913
2000000
0
20164079
2000000
3
20564309
2000000
0
20597647
2000000
3
20963839
2000000
3
20997531
2000000
0
21347731
2000000
3
21513807
2000000
0
21697354
2000000
3
22147129
2000000
3
22496505
2000000
3
22847295
2000000
0
23230751
2000000
3
23596330
2000000
0
24013819
2000000
3
24380265
2000000
0
24413700
2000000
3
24762900
2000000
0
24796916
2000000
3
25147318
2000000
2
25180196
2000000
1
25480166
2000000
3
25513917
2000000
0
25846119
2000000
2
25880290
2000000
1
26213574
2000000
3
26246727
2000000
0
26630370
2000000
1
26979988
2000000
2
27346079
2000000
3
27763450
2000000
2
28113640
2000000
1
28480074
2000000
0
28863404
2000000
1
29180008
2000000
2
29613046
2000000
3
29963292
2000000
2
30346445
2000000
1
30730241
2000000
0
31112761
2000000
1
31463078
2000000
2
31829475
2000000
3
32196378
2000000
2
32546325
2000000
1
32912906
2000000
0
33313034
2000000
1
33713166
2000000
2
34062897
2000000
3
34462026
2000000
2
34862698
2000000
1
35245864
2000000
0
35611678
2000000
1
35912528
2000000
2
36212796
2000000
3
36645089
2000000
2
37045563
2000000
1
37229114
2000000
0
37429401
2000000
1
37812530
2000000
2
37979287
2000000
3
38229233
2000000
2
38595733
2000000
0
38679137
2000000
3
39012160
2000000
2
39045646
2000000
1
39345489
2000000
0
39378579
2000000
3
39745629
2000000
1
39778851
2000000
2
40112140
2000000
1
40145311
2000000
2
40478828
2000000
2
40512007
2000000
1
40829293
2000000
3
40862261
2000000
0
41211934
2000000
2
41245428
2000000
1
41595451
2000000
0
41628291
2000000
3
41995646
2000000
2
42028839
2000000
1
42328172
2000000
0
42361543
2000000
3
42828882
2000000
0
43062059
2000000
1
43295241
2000000
2
43578705
2000000
3
43878837
2000000
1
