DrumGoDum
data\music\drum_go_dum.ogg
RMZS
DrumGoDum
Aim_circle
0
3189 300
566 585
65 300
Aim_circle
1
3521 300
886 587
65 300
Aim_circle
2
3855 300
1277 565
65 300
Aim_circle
3
4222 300
1811 410
65 300
Aim_circle
4
4605 300
805 290
65 300
Aim_circle
5
4788 300
715 762
65 300
Aim_circle
6
4955 300
994 594
65 300
Aim_circle
7
5239 300
519 462
65 300
Aim_circle
8
5421 300
583 729
65 300
Aim_circle
9
5605 300
707 762
65 300
Aim_circle
10
5955 300
1369 628
65 300
Aim_circle
11
6238 300
1410 391
65 300
Aim_circle
12
6555 300
871 494
65 300
Aim_circle
13
6754 300
1161 722
65 300
Aim_circle
14
6954 300
738 640
65 300
Aim_circle
15
7305 300
1315 506
65 300
Aim_circle
16
7605 300
901 306
65 300
Aim_circle
17
7938 300
603 665
65 300
Aim_circle
18
8155 300
1270 715
65 300
Aim_circle
19
8338 300
1022 353
65 300
Aim_circle
20
8638 300
956 668
65 300
Aim_circle
21
8955 300
1262 598
65 300
Aim_circle
22
9255 300
1141 318
65 300
Aim_circle
23
9488 300
1109 693
65 300
Aim_circle
24
9704 300
1021 336
65 300
Aim_circle
25
10004 300
917 657
65 300
Aim_circle
26
10338 300
746 355
65 300
Aim_circle
27
10621 300
383 497
65 300
Aim_circle
28
10854 300
1219 639
65 300
Aim_circle
29
11072 300
623 515
65 300
Aim_circle
30
11372 300
753 848
65 300
Aim_circle
31
11721 300
978 370
65 300
Aim_circle
32
12071 300
1163 787
65 300
Aim_circle
33
12271 300
1410 506
65 300
Aim_circle
34
12455 300
1471 746
65 300
Aim_circle
35
12737 300
779 471
65 300
Aim_circle
36
13021 300
568 785
65 300
Aim_circle
37
14171 300
1101 611
65 300
