Unity
data\music\unity.ogg
RMZS
UNITY

Aim_circle
1
6435 500
200 200
75 300

Aim_circle
2
6718 500
300 300
75 300

Aim_circle
3
7018 500
400 400
75 300

Aim_circle
4
7334 500
500 300
75 300

Aim_circle
5
7601 500
600 100
75 300

Aim_circle
1
8067 500
300 300
75 200

Aim_circle
2
8383 500
600 200
75 200

Aim_circle
3
8701 500
400 500
75 200

Aim_circle
1
9234 500
500 400
75 200

Aim_circle
2
9501 500
500 300
75 200

Aim_circle
3
9817 500
800 500
75 200

Aim_circle
1
10351 500
900 450
75 200

Aim_circle
2
10667 500
100 600
75 200

Aim_circle
3
10951 500
300 300
75 200

Aim_circle
4
11250 500
400 400
75 200

Aim_circle
5
11583 500
500 100
75 200

Aim_circle
6
11867 500
500 300
75 200

Aim_circle
1
12184 500
300 600
75 200

Aim_circle
2
12684 500
100 300
75 200

Aim_circle
3
12962 500
450 300
75 200

Aim_circle
4
13261 500
500 300
75 200


Aim_circle
5
14117 500
400 400
75 200

Aim_circle
1
14383 500
100 300
75 200

Aim_circle
2
14917 500
300 600
75 200

Aim_circle
3
15217 500
600 300
75 200

Aim_circle
4
15517 500
300 300
75 200


Aim_circle
1
15866 500
250 500
75 200


Aim_slider
1
16283 500
1080 300
75 200
450 450
10286

Aim_slider
1
16569 500
800 450
75 200
300 300
10286
