GoldRush
data\music\gold_rush.ogg
RMZS
GoldRussian???
Aim_slider
0
10432 500
579 497
65 300
1424 475
1899
Aim_slider
1
12815 500
1423 767
65 300
480 820
1883
Aim_slider
2
15215 500
457 859
65 300
799 622
466
Aim_slider
3
17715 500
1402 858
65 300
957 621
516
Aim_slider
4
20530 500
664 384
65 300
664 384
68
Aim_slider
5
20797 500
730 570
65 300
735 559
100
Aim_slider
6
21098 500
855 261
65 300
857 265
116
Aim_slider
7
21414 500
954 541
65 300
961 537
99
Aim_slider
8
21730 500
1201 247
65 300
1203 252
117
Aim_slider
9
22048 500
1276 503
65 300
1279 493
99
Aim_slider
10
22330 500
1412 253
65 300
1412 253
101
Aim_slider
11
22997 500
630 401
65 300
630 401
67
Aim_slider
12
23280 500
625 597
65 300
626 598
100
Aim_slider
13
23631 500
962 559
65 300
962 559
66
Aim_slider
14
23964 500
886 396
65 300
886 396
66
Aim_slider
15
24281 500
596 603
65 300
602 604
82
Aim_slider
16
24497 500
948 657
65 300
949 657
67
Aim_slider
17
24697 500
791 466
65 300
789 462
83
Aim_slider
18
24898 500
539 498
65 300
539 498
82
Aim_slider
19
25496 500
1002 762
65 300
1469 555
784
Aim_slider
20
27912 500
318 537
65 300
515 818
501
Aim_slider
21
30547 500
751 534
65 300
751 534
100
Aim_slider
22
33012 500
1091 498
65 300
1091 498
84
Aim_slider
23
35546 500
627 397
65 300
627 397
100
Aim_slider
24
38112 500
777 662
65 300
918 459
167
Aim_slider
25
38429 500
888 649
65 300
1118 615
166
Aim_slider
26
38762 500
931 700
65 300
1191 781
167
Aim_slider
27
39162 500
926 377
65 300
926 377
84
Aim_slider
28
39429 500
643 458
65 300
645 461
67
Aim_slider
29
39680 500
952 609
65 300
954 609
98
Aim_slider
30
40012 500
945 271
65 300
968 641
517
Aim_slider
31
43130 500
871 564
65 300
711 333
348
Aim_slider
32
45612 500
873 531
65 300
1144 389
299
Aim_slider
33
48161 500
677 352
65 300
801 551
200
Aim_slider
34
48545 500
995 327
65 300
937 533
166
Aim_slider
35
48895 500
1276 557
65 300
897 506
166
Aim_slider
36
49228 500
1144 732
65 300
968 464
167
Aim_slider
37
49561 500
810 721
65 300
854 561
133
Aim_slider
38
49861 500
617 706
65 300
731 631
116
Aim_slider
39
50161 500
486 546
65 300
694 540
150
Aim_slider
40
50478 500
584 508
65 300
947 569
133
Aim_slider
41
54811 500
800 394
65 300
821 574
133
Aim_slider
42
55061 500
953 395
65 300
953 551
116
Aim_slider
43
55327 500
1083 368
65 300
1094 680
134
Aim_slider
44
58327 500
563 415
65 300
584 628
133
Aim_slider
45
58643 500
815 440
65 300
858 690
167
Aim_slider
46
58977 500
1029 463
65 300
1079 705
133
Aim_slider
47
59360 500
528 397
65 300
1351 407
1084
Aim_slider
48
65810 500
547 437
65 300
1036 439
399
Aim_slider
49
68375 500
938 788
65 300
922 251
400
Aim_slider
50
71026 500
713 267
65 300
740 469
166
Aim_slider
51
71359 500
944 285
65 300
982 440
166
Aim_slider
52
71675 500
1137 284
65 300
1185 435
150
Aim_slider
53
72026 500
1399 323
65 300
1410 469
116
Aim_slider
54
73525 500
645 568
65 300
645 216
134
Aim_slider
55
73875 500
815 574
65 300
860 315
183
Aim_slider
56
74241 500
1001 595
65 300
1051 345
117
Aim_slider
57
74575 500
1187 640
65 300
1231 422
133
Aim_slider
58
74908 500
1320 685
65 300
1365 364
217
Aim_slider
59
75992 500
587 368
65 300
1250 364
599
Aim_slider
60
78391 500
620 598
65 300
1164 578
418
Aim_slider
61
81041 500
905 472
65 300
905 472
83
Aim_slider
62
83641 500
898 586
65 300
898 586
67
Aim_slider
63
86141 500
1036 419
65 300
1036 419
100
Aim_slider
64
88674 500
786 414
65 300
786 414
84
Aim_slider
65
88957 500
786 414
65 300
786 414
100
Aim_slider
66
89307 500
786 414
65 300
786 414
100
Aim_slider
67
89673 500
379 300
65 300
942 201
484
Aim_slider
68
90490 500
539 664
65 300
989 651
433
Aim_slider
69
93740 500
455 371
65 300
455 371
100
Aim_slider
70
96257 500
1209 388
65 300
1209 388
83
Aim_slider
71
98706 500
720 594
65 300
745 343
201
Aim_slider
72
99074 500
749 577
65 300
997 493
149
Aim_slider
73
99389 500
743 571
65 300
923 795
166
Aim_slider
74
99739 500
756 588
65 300
618 750
168
Aim_slider
75
100056 500
772 535
65 300
492 501
166
Aim_slider
76
100389 500
774 555
65 300
567 209
433
Aim_slider
77
105239 500
818 718
65 300
916 483
183
Aim_slider
78
105538 500
905 592
65 300
1083 503
168
Aim_slider
79
105906 500
1065 580
65 300
1493 644
149
Aim_slider
80
108921 500
494 599
65 300
733 513
151
Aim_slider
81
109505 500
835 529
65 300
862 297
284
Aim_slider
82
110056 500
905 576
65 300
1167 545
299
Aim_slider
83
110688 500
1092 205
65 300
1140 484
333
Aim_slider
84
112957 500
559 461
65 300
691 254
182
Aim_slider
85
113305 500
673 445
65 300
724 490
150
Aim_slider
86
113588 500
473 357
65 300
440 507
166
Aim_slider
87
115372 500
666 478
65 300
642 227
187
Aim_slider
88
115670 500
680 419
65 300
868 379
117
Aim_slider
89
115937 500
517 474
65 300
592 647
150
Aim_slider
90
117921 500
766 409
65 300
650 197
150
Aim_slider
91
118221 500
883 422
65 300
1138 352
133
Aim_slider
92
118504 500
752 429
65 300
454 580
133
Aim_slider
93
120220 500
645 501
65 300
818 380
334
Aim_slider
94
120854 500
877 325
65 300
803 181
400
Aim_slider
95
124087 500
585 548
65 300
618 326
200
Aim_slider
96
124437 500
819 568
65 300
878 334
150
Aim_slider
97
124721 500
988 511
65 300
1102 333
149
Aim_slider
98
125037 500
1206 594
65 300
1297 393
133
Aim_slider
99
125403 500
1424 773
65 300
691 775
1016
Aim_slider
100
126637 500
698 388
65 300
653 906
1467
Aim_slider
101
128786 500
143 435
65 300
1688 423
2533
Aim_slider
102
131736 500
828 221
65 300
862 756
433
Aim_slider
103
134120 500
538 657
65 300
722 239
266
Aim_slider
104
136636 500
1269 625
65 300
1054 224
367
Aim_slider
105
139236 500
754 275
65 300
751 447
183
Aim_slider
106
139586 500
807 248
65 300
975 337
199
Aim_slider
107
139986 500
782 292
65 300
537 309
199
Aim_slider
108
140385 500
825 255
65 300
793 55
300
Aim_slider
109
141102 500
604 87
65 300
1008 453
666
Aim_slider
110
144252 500
857 471
65 300
844 0
1950
Aim_slider
111
146769 500
869 609
65 300
848 1057
1682
Aim_slider
112
149236 500
388 589
65 300
1291 559
1515
Aim_slider
113
151818 500
644 444
65 300
644 444
67
Aim_slider
114
152102 500
744 583
65 300
771 552
149
Aim_slider
115
152435 500
972 434
65 300
973 433
116
Aim_slider
116
152835 500
527 356
65 300
868 356
433
Aim_slider
117
153651 500
810 201
65 300
851 549
417
Aim_slider
118
163217 500
830 528
65 300
830 528
100
