Aim
ff
editing_map.txt
data\music\stronger.ogg
Gold
data\img\stronger.png
data\fonts\aller.ttf
data\sounds\soft_snap.wav
Aim_slider
1300000
700000
405
422
65 300
1303 546
1863369
Aim_circle
4216720
700000
589
430
65 300
Aim_circle
4566446
700000
671
625
65 300
Aim_circle
4917521
700000
787
495
65 300
Aim_circle
5117271
700000
856
607
65 300
Aim_circle
5316527
700000
951
405
65 300
Aim_circle
5699647
700000
1072
654
65 300
Aim_circle
6083316
700000
1183
293
65 300
Aim_circle
6449935
700000
1231
591
65 300
Aim_circle
6815550
700000
866
431
65 300
Aim_circle
7200301
700000
907
615
65 300
Aim_circle
7566909
700000
1148
499
65 300
Aim_circle
7934399
700000
845
385
65 300
Aim_circle
8048403
700000
1088
396
65 300
Aim_circle
8299812
700000
1205
369
65 300
Aim_circle
8649001
700000
1230
624
65 300
Aim_circle
9000483
700000
846
524
65 300
Aim_circle
9633618
700000
943
371
65 300
Aim_circle
10213968
700000
818
406
65 300
Aim_circle
10580097
700000
806
547
65 300
Aim_circle
10948113
700000
811
466
65 300
Aim_circle
11130210
700000
787
455
65 300
Aim_circle
11347925
700000
996
406
65 300
Aim_circle
11713252
700000
827
363
65 300
Aim_circle
12063487
700000
854
554
65 300
Aim_circle
12430764
700000
1073
476
65 300
Aim_circle
12797129
700000
899
397
65 300
Aim_circle
13180052
700000
1018
567
65 300
Aim_circle
13598101
700000
1099
415
65 300
Aim_circle
13910602
700000
666
347
65 300
Aim_circle
14259706
700000
837
703
65 300
Aim_circle
14626165
700000
1081
349
65 300
Aim_circle
14992485
700000
1241
823
65 300
Aim_circle
15358754
700000
1426
407
65 300
Aim_circle
15725213
700000
1498
769
65 300
Aim_slider
15827200
700000
510
442
65 300
944 459
868665
Aim_circle
17061197
700000
681
381
65 300
Aim_circle
17328267
700000
848
760
65 300
Aim_circle
17643373
700000
1086
316
65 300
Aim_circle
17960585
700000
1240
678
65 300
Aim_circle
18342907
700000
1403
315
65 300
Aim_circle
18726911
700000
1493
685
65 300
Aim_slider
18943215
700000
924
277
65 300
923 783
1012002
Aim_circle
20642398
700000
769
420
65 300
Aim_circle
21042423
700000
867
683
65 300
Aim_circle
21392868
700000
1095
363
65 300
Aim_circle
21742850
700000
1244
691
65 300
Aim_circle
22075682
700000
627
494
65 300
Aim_circle
22492796
700000
1082
494
65 300
Aim_circle
22809383
700000
877
358
65 300
Aim_circle
23008194
700000
1059
661
65 300
Aim_circle
23209200
700000
1143
496
65 300
Aim_circle
23626285
700000
645
402
65 300
Aim_circle
23993345
700000
733
662
65 300
Aim_circle
24375559
700000
1144
668
65 300
Aim_circle
24708589
700000
1169
437
65 300
Aim_circle
25076510
700000
1327
802
65 300
Aim_circle
25442511
700000
854
711
65 300
Aim_circle
25842909
700000
866
476
65 300
Aim_circle
26243394
700000
989
719
65 300
Aim_circle
26626380
700000
1203
447
65 300
Aim_circle
27008196
700000
1429
568
65 300
Aim_circle
27409009
700000
1499
393
65 300
Aim_circle
27775016
700000
1365
686
65 300
Aim_circle
28142356
700000
610
502
65 300
Aim_circle
28509039
700000
1201
516
65 300
Aim_circle
28859514
700000
640
500
65 300
Aim_circle
29075067
700000
703
756
65 300
Aim_circle
29275740
700000
976
499
65 300
Aim_circle
29660883
700000
578
363
65 300
Aim_circle
29876782
700000
719
841
65 300
Aim_circle
30059257
700000
986
594
65 300
Aim_circle
30443097
700000
669
383
65 300
Aim_circle
30792837
700000
592
745
65 300
Aim_circle
31175725
700000
1024
781
65 300
Aim_circle
31525642
700000
939
462
65 300
Aim_circle
31742636
700000
1077
702
65 300
Aim_circle
31943082
700000
1203
493
65 300
Aim_circle
32341784
700000
1321
759
65 300
Aim_circle
32559012
700000
1408
613
65 300
Aim_circle
32741486
700000
1479
768
65 300
Aim_circle
33125694
700000
589
545
65 300
Aim_circle
33441695
700000
686
970
65 300
Aim_circle
34176681
700000
521
581
65 300
Aim_circle
34541768
700000
595
341
65 300
Aim_circle
34908849
700000
857
758
65 300
Aim_circle
35109369
700000
927
578
65 300
Aim_circle
35309371
700000
1076
738
65 300
Aim_circle
35657578
700000
1160
929
65 300
Aim_circle
36058156
700000
1434
805
65 300
Aim_circle
36425850
700000
1333
524
65 300
Aim_circle
36776113
700000
1451
783
65 300
Aim_circle
37141037
700000
726
636
65 300
Aim_circle
37475364
700000
1079
645
65 300
Aim_circle
37692539
700000
723
438
65 300
Aim_circle
37875287
700000
835
249
65 300
Aim_circle
38273995
700000
784
594
65 300
Aim_circle
38640608
700000
981
888
65 300
Aim_circle
39041249
700000
1262
402
65 300
Aim_circle
39439864
700000
1413
749
65 300
Aim_circle
39758913
700000
953
558
65 300
Aim_circle
40191171
700000
689
232
65 300
Aim_circle
40541642
700000
714
585
65 300
Aim_circle
40941949
700000
599
497
65 300
Aim_circle
41125274
700000
865
477
65 300
Aim_circle
41342011
700000
1123
254
65 300
Aim_circle
41741227
700000
1306
588
65 300
Aim_circle
42056983
700000
1486
441
65 300
Aim_circle
42408205
700000
1688
785
65 300
Aim_circle
42790668
700000
927
715
65 300
Aim_circle
43174188
700000
1277
693
65 300
Aim_circle
43523762
700000
682
595
65 300
Aim_circle
43891897
700000
665
290
65 300
Aim_circle
44257600
700000
1099
665
65 300
Aim_circle
44490847
700000
888
591
65 300
Aim_circle
44709145
700000
882
331
65 300
Aim_circle
45091832
700000
971
773
65 300
Aim_circle
45440776
700000
1267
588
65 300
Aim_circle
45774280
700000
658
640
65 300
Aim_circle
45991544
700000
948
582
65 300
Aim_circle
46191576
700000
967
327
65 300
Aim_circle
46541344
700000
1043
790
65 300
Aim_circle
46890650
700000
846
741
65 300
Aim_circle
47106612
700000
878
709
65 300
Aim_circle
47290344
700000
529
239
65 300
Aim_circle
47690985
700000
830
799
65 300
Aim_circle
48024294
700000
1197
491
65 300
Aim_circle
48357644
700000
1257
791
65 300
Aim_circle
48773827
700000
832
715
65 300
Aim_circle
49141057
700000
1324
579
65 300
Aim_circle
49506384
700000
705
408
65 300
Aim_circle
49907887
700000
745
819
65 300
Aim_circle
50273953
700000
841
692
65 300
Aim_circle
50472635
700000
738
648
65 300
Aim_circle
50656721
700000
1026
510
65 300
Aim_circle
51023453
700000
821
704
65 300
Aim_circle
51358207
700000
845
453
65 300
Aim_circle
52122883
700000
747
410
65 300
Aim_circle
52522055
700000
860
628
65 300
Aim_circle
53089743
700000
1099
709
65 300
Aim_circle
53307478
700000
1152
513
65 300
Aim_circle
53688952
700000
1253
839
65 300
Aim_circle
54054749
700000
1309
532
65 300
Aim_circle
54405006
700000
1452
858
65 300
Aim_circle
54771525
700000
1431
564
65 300
Aim_circle
55138804
700000
1493
814
65 300
Aim_circle
55522812
700000
991
687
65 300
Aim_circle
55889460
700000
1249
585
65 300
Aim_circle
56337082
700000
766
437
65 300
Aim_circle
56538349
700000
880
644
65 300
Aim_circle
56720096
700000
979
424
65 300
Aim_circle
57071391
700000
1189
585
65 300
Aim_circle
57419294
700000
1263
430
65 300
Aim_circle
58185938
700000
688
557
65 300
Aim_circle
58620049
700000
1173
630
65 300
Aim_circle
58919745
700000
805
548
65 300
Aim_circle
59153504
700000
912
703
65 300
Aim_circle
59353491
700000
1195
477
65 300
Aim_circle
59736003
700000
797
382
65 300
Aim_circle
60037887
700000
827
636
65 300
Aim_circle
60437185
700000
1282
496
65 300
Aim_circle
60802680
700000
1127
300
65 300
Aim_circle
61171145
700000
799
314
65 300
Aim_circle
61470294
700000
825
626
65 300
Aim_circle
61704066
700000
1076
619
65 300
Aim_circle
61903432
700000
821
356
65 300
Aim_circle
62054815
700000
857
368
65 300
Aim_slider
62768312
700000
757
556
65 300
955 563
396247
Aim_slider
62535465
700000
782
404
65 300
964 409
364137
Aim_slider
63300009
700000
764
686
65 300
926 691
324154
Aim_circle
64181908
700000
697
519
65 300
Aim_circle
64549199
700000
759
740
65 300
Aim_circle
64920454
700000
706
667
65 300
Aim_circle
65121761
700000
814
705
65 300
Aim_circle
65321716
700000
918
580
65 300
Aim_circle
65721308
700000
1105
657
65 300
Aim_circle
66070713
700000
1186
565
65 300
Aim_circle
66438001
700000
1287
667
65 300
Aim_circle
66804581
700000
982
624
65 300
Aim_circle
67187610
700000
1187
525
65 300
Aim_circle
67569047
700000
1129
767
65 300
Aim_circle
67935026
700000
627
657
65 300
Aim_circle
68252617
700000
709
659
65 300
Aim_circle
68451770
700000
810
667
65 300
Aim_circle
68669246
700000
983
516
65 300
Aim_circle
69086038
700000
1137
762
65 300
Aim_circle
69418977
700000
1246
600
65 300
Aim_circle
70168828
700000
779
553
65 300
Aim_circle
70552240
700000
824
741
65 300
Aim_circle
70885400
700000
952
699
65 300
Aim_circle
71120105
700000
1042
618
65 300
Aim_circle
71320115
700000
1118
492
65 300
Aim_circle
71702257
700000
1157
805
65 300
Aim_circle
72051717
700000
978
743
65 300
Aim_circle
72401362
700000
1400
558
65 300
Aim_circle
72768028
700000
1266
720
65 300
Aim_circle
73152085
700000
893
503
65 300
Aim_circle
73501667
700000
1026
629
65 300
Aim_circle
73886439
700000
689
522
65 300
Aim_circle
74222405
700000
1104
388
65 300
Aim_circle
74454619
700000
850
323
65 300
Aim_circle
74654606
700000
1200
366
65 300
Aim_circle
75054725
700000
995
714
65 300
Aim_circle
75421671
700000
827
478
65 300
Aim_circle
76170888
700000
619
432
65 300
Aim_circle
76553320
700000
672
732
65 300
Aim_circle
76904302
700000
850
591
65 300
Aim_circle
77120652
700000
1025
583
65 300
Aim_circle
77337388
700000
1224
344
65 300
Aim_circle
77687203
700000
1274
668
65 300
Aim_circle
78053468
700000
867
525
65 300
Aim_circle
78387139
700000
941
678
65 300
Aim_circle
78770018
700000
1066
506
65 300
Aim_circle
79153668
700000
758
458
65 300
Aim_circle
79520971
700000
826
629
65 300
Aim_circle
79937272
700000
1044
638
65 300
Aim_circle
80286575
700000
964
791
65 300
Aim_circle
80503791
700000
863
724
65 300
Aim_circle
80703370
700000
1085
650
65 300
Aim_circle
81087269
700000
721
420
65 300
Aim_circle
81452705
700000
790
768
65 300
Aim_circle
82153125
700000
873
627
65 300
Aim_circle
82568480
700000
610
568
65 300
Aim_circle
82921626
700000
808
370
65 300
Aim_circle
83170725
700000
890
689
65 300
Aim_circle
83354348
700000
1141
381
65 300
Aim_circle
83701770
700000
1171
665
65 300
Aim_circle
84121365
700000
841
588
65 300
Aim_circle
84454347
700000
1160
559
65 300
Aim_circle
84786002
700000
861
500
65 300
Aim_circle
85153706
700000
870
716
65 300
Aim_circle
85519551
700000
1130
710
65 300
Aim_circle
85918809
700000
826
630
65 300
Aim_slider
86286534
700000
940
522
65 300
1171 327
604602
Aim_slider
87120694
700000
894
558
65 300
734 735
477195
Aim_slider
86920166
700000
933
576
65 300
1121 753
516422
Aim_circle
92169088
700000
741
522
65 300
Aim_circle
92418877
700000
814
734
65 300
Aim_circle
92702444
700000
1007
476
65 300
Aim_circle
93035888
700000
1208
783
65 300
Aim_circle
93402041
700000
1346
441
65 300
Aim_circle
93717941
700000
1421
733
65 300
Aim_circle
94134036
700000
745
397
65 300
Aim_circle
94518354
700000
1274
398
65 300
Aim_circle
94885163
700000
922
421
65 300
Aim_circle
95084592
700000
1088
645
65 300
Aim_circle
95285565
700000
1166
342
65 300
Aim_circle
95668905
700000
1224
770
65 300
Aim_circle
96068491
700000
1477
513
65 300
Aim_circle
96435460
700000
1315
683
65 300
Aim_circle
96801552
700000
878
573
65 300
Aim_circle
97167795
700000
1359
458
65 300
Aim_circle
97533551
700000
768
399
65 300
Aim_circle
97901197
700000
811
611
65 300
Aim_circle
98267937
700000
1066
574
65 300
Aim_circle
98668193
700000
671
422
65 300
Aim_circle
99050818
700000
714
647
65 300
Aim_circle
99452644
700000
1085
554
65 300
Aim_circle
99818307
700000
1152
364
65 300
Aim_circle
100168046
700000
1392
667
65 300
Aim_circle
100552208
700000
1041
651
65 300
Aim_circle
100834632
700000
1160
637
65 300
Aim_circle
101017727
700000
1031
588
65 300
Aim_circle
101217072
700000
1181
379
65 300
Aim_circle
101383681
700000
1181
379
65 300
Aim_circle
101718082
700000
700
361
65 300
Aim_circle
102034910
700000
613
394
65 300
Aim_circle
102419345
700000
829
773
65 300
Aim_circle
102784924
700000
1161
388
65 300
Aim_circle
103151065
700000
1363
877
65 300
Aim_circle
103518028
700000
790
792
65 300
Aim_circle
103885430
700000
823
383
65 300
Aim_circle
104267007
700000
1255
606
65 300
Aim_circle
104650569
700000
1401
449
65 300
Aim_circle
105014725
700000
1417
792
65 300
Aim_circle
105383426
700000
1005
739
65 300
Aim_circle
105717000
700000
1295
665
65 300
Aim_circle
106100347
700000
849
477
65 300
Aim_circle
106550289
700000
795
902
65 300
Aim_circle
106916842
700000
1019
856
65 300
Aim_circle
107117539
700000
431
674
65 300
Aim_circle
107317174
700000
1101
503
65 300
Aim_circle
107685139
700000
1194
1010
65 300
Aim_circle
108017397
700000
950
910
65 300
Aim_circle
108383882
700000
722
703
65 300
Aim_circle
108715874
700000
827
388
65 300
Aim_circle
109150073
700000
1174
690
65 300
Aim_circle
109498790
700000
1175
684
65 300
Aim_circle
109899581
700000
770
569
65 300
Aim_circle
110301214
700000
1257
617
65 300
Aim_circle
110517348
700000
854
568
65 300
Aim_circle
110699532
700000
1142
582
65 300
Aim_circle
111067308
700000
950
544
65 300
Aim_circle
111401064
700000
902
960
65 300
Aim_circle
111749208
700000
1093
925
65 300
Aim_circle
112116820
700000
1413
620
65 300
Aim_circle
112498273
700000
1411
854
65 300
Aim_circle
112848475
700000
984
657
65 300
Aim_circle
113082364
700000
1015
472
65 300
Aim_circle
113282269
700000
750
202
65 300
Aim_circle
113682597
700000
870
683
65 300
Aim_circle
114066561
700000
1166
398
65 300
Aim_circle
114415555
700000
1264
780
65 300
Aim_circle
114800051
700000
1386
410
65 300
Aim_circle
115165696
700000
1471
742
65 300
Aim_circle
115499982
700000
1288
275
65 300
Aim_circle
115883574
700000
767
415
65 300
Aim_circle
116265890
700000
792
771
65 300
Aim_circle
116615008
700000
1205
757
65 300
Aim_circle
116999870
700000
763
601
65 300
Aim_circle
117381388
700000
1142
597
65 300
Aim_circle
117733072
700000
833
769
65 300
Aim_slider
118138560
700000
767
511
65 300
763 649
276115
Aim_slider
118854813
700000
1033
499
65 300
1033 645
292000
Aim_slider
119655091
700000
748
516
65 300
812 363
331692
Aim_slider
120421729
700000
831
383
65 300
963 539
408705
Aim_slider
121172357
700000
978
507
65 300
1026 378
275281
Aim_slider
121887618
700000
1041
392
65 300
1113 575
393309
Aim_slider
122504080
700000
1127
586
65 300
1241 379
472630
Aim_slider
123320496
700000
1253
391
65 300
1342 587
430520
Aim_slider
123970187
700000
1326
615
65 300
1437 424
441823
Aim_slider
124824380
700000
1446
422
65 300
1499 590
352323
Aim_slider
125504685
700000
1511
598
65 300
1625 382
488475
Aim_slider
126270282
700000
1652
363
65 300
1698 540
365759
Aim_slider
127204509
700000
1554
531
65 300
1374 369
484330
Aim_slider
127869589
700000
1331
374
65 300
1251 535
359560
Aim_slider
128569846
700000
1234
562
65 300
1069 381
489840
Aim_slider
129355110
700000
1043
392
65 300
956 525
317855
Aim_circle
130367098
700000
845
469
65 300
Aim_circle
130651397
700000
895
711
65 300
Aim_circle
130967774
700000
1029
403
65 300
Aim_circle
131168281
700000
557
341
65 300
Aim_circle
131383600
700000
1259
404
65 300
Aim_circle
131751732
700000
1087
703
65 300
Aim_circle
132067463
700000
674
452
65 300
Aim_circle
132432968
700000
746
650
65 300
Aim_circle
132817288
700000
1124
604
65 300
Aim_circle
133233290
700000
903
323
65 300
Aim_circle
133583516
700000
1239
264
65 300
Aim_circle
133966768
700000
1228
552
65 300
Aim_circle
134331904
700000
963
460
65 300
Aim_circle
134535446
700000
966
310
65 300
Aim_circle
134733919
700000
704
244
65 300
Aim_circle
135084315
700000
703
619
65 300
Aim_circle
135484318
700000
1017
641
65 300
Aim_circle
135832347
700000
802
620
65 300
Aim_circle
136033498
700000
1042
589
65 300
Aim_circle
136218500
700000
1080
266
65 300
Aim_circle
136583858
700000
1186
525
65 300
Aim_circle
136915823
700000
791
533
65 300
Aim_circle
137115841
700000
814
312
65 300
Aim_circle
137316805
700000
837
274
65 300
Aim_circle
137716986
700000
1156
334
65 300
Aim_circle
138082801
700000
1152
626
65 300
Aim_circle
138451567
700000
724
611
65 300
Aim_circle
138799769
700000
1094
655
65 300
Aim_circle
139132058
700000
1296
503
65 300
Aim_circle
139483386
700000
1277
673
65 300
Aim_circle
139883461
700000
808
545
65 300
Aim_circle
140265372
700000
1229
615
65 300
Aim_circle
140633617
700000
915
432
65 300
Aim_circle
140999505
700000
1003
731
65 300
Aim_circle
141365344
700000
1213
519
65 300
Aim_circle
141766165
700000
898
555
65 300
Aim_circle
142133272
700000
729
371
65 300
Aim_circle
142532336
700000
694
539
65 300
Aim_circle
142882602
700000
716
527
65 300
Aim_circle
143066016
700000
716
527
65 300
Aim_circle
143283963
700000
959
398
65 300
Aim_circle
143716201
700000
1085
751
65 300
Aim_circle
144116121
700000
1315
349
65 300
Aim_circle
144482929
700000
1287
573
65 300
Aim_circle
144832020
700000
987
487
65 300
Aim_circle
145183960
700000
1176
455
65 300
Aim_circle
145549684
700000
868
432
65 300
Aim_circle
145914707
700000
950
639
65 300
Aim_circle
146315531
700000
1016
460
65 300
Aim_circle
146516473
700000
1029
429
65 300
Aim_circle
146715500
700000
1197
335
65 300
Aim_circle
147081228
700000
1137
612
65 300
Aim_circle
147465559
700000
440
408
65 300
Aim_circle
147849246
700000
1009
415
65 300
Aim_circle
148082120
700000
1005
367
65 300
Aim_circle
148267217
700000
1063
579
65 300
Aim_circle
148566294
700000
1190
357
65 300
Aim_circle
148915136
700000
869
412
65 300
Aim_circle
149148449
700000
1006
488
65 300
Aim_circle
149349309
700000
777
477
65 300
Aim_circle
149716245
700000
1129
607
65 300
Aim_circle
150066466
700000
1248
318
65 300
Aim_circle
150432996
700000
1050
550
65 300
Aim_circle
150782123
700000
705
160
65 300
Aim_circle
151200147
700000
607
661
65 300
Aim_circle
151547841
700000
933
627
65 300
Aim_circle
151881834
700000
920
538
65 300
Aim_circle
152316162
700000
1075
666
65 300
Aim_circle
152531377
700000
867
604
65 300
Aim_circle
152731665
700000
1025
482
65 300
Aim_circle
153082928
700000
1129
830
65 300
Aim_circle
153399016
700000
969
899
65 300
Aim_circle
153782205
700000
992
470
65 300
Aim_circle
154232690
700000
1363
711
65 300
Aim_circle
154564699
700000
963
668
65 300
Aim_circle
154931606
700000
842
539
65 300
Aim_circle
155148764
700000
881
422
65 300
Aim_circle
155347667
700000
1130
289
65 300
Aim_circle
155715068
700000
1104
782
65 300
Aim_circle
156065066
700000
656
662
65 300
Aim_circle
156448131
700000
594
362
65 300
Aim_circle
156799115
700000
758
714
65 300
Aim_circle
157165758
700000
1101
464
65 300
Aim_circle
157531330
700000
1132
677
65 300
Aim_circle
157931170
700000
971
429
65 300
Aim_circle
158299318
700000
849
672
65 300
Aim_circle
158515978
700000
1057
656
65 300
Aim_circle
158748322
700000
689
478
65 300
Aim_circle
159082588
700000
1076
529
65 300
Aim_circle
159381788
700000
830
348
65 300
Aim_circle
160214328
700000
1114
422
65 300
Aim_circle
160580738
700000
1108
620
65 300
Aim_circle
160930647
700000
897
591
65 300
Aim_circle
161148747
700000
950
572
65 300
Aim_circle
161347597
700000
799
435
65 300
Aim_circle
161732065
700000
1227
378
65 300
Aim_circle
162099146
700000
863
346
65 300
Aim_circle
162465061
700000
946
643
65 300
Aim_circle
162814970
700000
1133
571
65 300
Aim_circle
163181690
700000
751
523
65 300
Aim_circle
163547364
700000
1003
502
65 300
Aim_circle
163747666
700000
959
481
65 300
Aim_circle
163931430
700000
1161
418
65 300
Aim_spinner
165141379
1400000
960
540
600
Aim_circle
166153893
700000
683
363
65 300
Aim_circle
166505309
700000
851
669
65 300
Aim_circle
166920844
700000
991
497
65 300
Aim_circle
167120705
700000
1091
604
65 300
Aim_circle
167338223
700000
1234
380
65 300
Aim_circle
167671514
700000
1422
780
65 300
Aim_circle
168053156
700000
831
645
65 300
Aim_circle
168420603
700000
1214
574
65 300
Aim_circle
168803541
700000
1057
384
65 300
Aim_circle
169188476
700000
966
632
65 300
Aim_circle
169570798
700000
654
500
65 300
Aim_circle
169921486
700000
708
642
65 300
Aim_circle
170304766
700000
1012
609
65 300
Aim_circle
170505837
700000
1049
561
65 300
Aim_circle
170703741
700000
1359
465
65 300
Aim_circle
171088313
700000
844
362
65 300
Aim_circle
171436574
700000
888
580
65 300
Aim_circle
171787267
700000
1232
502
65 300
Aim_circle
172004149
700000
1321
263
65 300
Aim_circle
172204594
700000
1430
195
65 300
Aim_circle
172571032
700000
1463
543
65 300
Aim_circle
172921498
700000
1235
460
65 300
Aim_circle
173154255
700000
1206
384
65 300
Aim_circle
173354218
700000
666
232
65 300
Aim_circle
173737491
700000
606
703
65 300
Aim_circle
174071071
700000
1032
685
65 300
Aim_circle
174403766
700000
1179
440
65 300
Aim_circle
174786421
700000
1469
558
65 300
Aim_circle
175152329
700000
1543
419
65 300
Aim_circle
175553068
700000
1254
518
65 300
Aim_circle
175885625
700000
793
411
65 300
Aim_circle
176304253
700000
910
581
65 300
Aim_circle
176504211
700000
967
534
65 300
Aim_circle
176686467
700000
878
329
65 300
Aim_circle
177086086
700000
1382
512
65 300
Aim_circle
177469665
700000
933
429
65 300
Aim_circle
178218750
700000
555
372
65 300
Aim_circle
178602842
700000
629
529
65 300
Aim_circle
178921595
700000
864
457
65 300
Aim_circle
179103106
700000
953
493
65 300
Aim_circle
179335584
700000
1122
308
65 300
Aim_circle
179720681
700000
1298
722
65 300
Aim_circle
180053904
700000
1505
419
65 300
Aim_circle
180418968
700000
1535
678
65 300
Aim_circle
180803407
700000
978
557
65 300
Aim_circle
181186726
700000
1326
557
65 300
Aim_circle
181535741
700000
731
339
65 300
Aim_circle
181902798
700000
772
570
65 300
Aim_circle
182252193
700000
1121
537
65 300
Aim_circle
182486785
700000
1567
369
65 300
Aim_circle
182702703
700000
1726
311
65 300
Aim_circle
183069032
700000
1714
687
65 300
Aim_circle
183419359
700000
1179
585
65 300
Aim_circle
184203620
700000
716
451
65 300
Aim_circle
184585459
700000
688
651
65 300
Aim_circle
184951918
700000
835
648
65 300
Aim_circle
185152529
700000
803
608
65 300
Aim_circle
185386820
700000
1110
386
65 300
Aim_circle
185735923
700000
820
302
65 300
Aim_circle
186069047
700000
868
599
65 300
Aim_circle
186402707
700000
1252
516
65 300
Aim_circle
186769732
700000
834
322
65 300
Aim_circle
187153467
700000
889
623
65 300
Aim_circle
187534671
700000
963
449
65 300
Aim_circle
187736220
700000
886
410
65 300
Aim_circle
187953843
700000
1098
419
65 300
Aim_slider
188586849
700000
766
434
65 300
959 396
393410
Aim_slider
189051057
700000
797
543
65 300
949 535
304420
Aim_slider
189419177
700000
753
677
65 300
920 711
340851
