Aim
ff
mayday.txt
data\music\mayday.ogg
Gold
data\img\stronger.png
data\fonts\aller.ttf
data\sounds\soft_snap.wav
Aim_spinner
58963274
1400000
960
540
600
Aim_spinner
59790984
1400000
960
540
600
Aim_spinner
60574412
1400000
960
540
600
Aim_spinner
61374316
1400000
960
540
600
Aim_spinner
62107953
1400000
960
540
600
Aim_circle
63712915
700000
728
520
65 300
Aim_circle
63930965
700000
832
691
65 300
Aim_circle
64130444
700000
993
452
65 300
Aim_circle
64330381
700000
1162
490
65 300
Aim_circle
64530113
700000
1264
309
65 300
Aim_circle
64765015
700000
1341
634
65 300
Aim_circle
64980743
700000
791
461
65 300
Aim_circle
65164329
700000
1117
479
65 300
Aim_circle
65380492
700000
998
427
65 300
Aim_circle
65580517
700000
974
703
65 300
Aim_circle
65780345
700000
692
576
65 300
Aim_circle
66013152
700000
1398
566
65 300
Aim_circle
66364082
700000
553
447
65 300
Aim_circle
66548585
700000
801
622
65 300
Aim_circle
66749267
700000
1015
419
65 300
Aim_circle
66963657
700000
1258
510
65 300
Aim_circle
67148904
700000
1377
385
65 300
Aim_circle
67345695
700000
1377
714
65 300
Aim_circle
67564746
700000
793
655
65 300
Aim_circle
67746766
700000
953
619
65 300
Aim_circle
67946721
700000
633
407
65 300
Aim_circle
68164057
700000
1150
512
65 300
Aim_circle
68712927
700000
1086
854
65 300
Aim_circle
68913815
700000
1410
252
65 300
Aim_circle
69113747
700000
1383
622
65 300
Aim_circle
69313856
700000
644
432
65 300
Aim_circle
69496299
700000
1152
605
65 300
Aim_circle
69712950
700000
1218
337
65 300
Aim_circle
69896543
700000
1183
712
65 300
Aim_circle
70080321
700000
299
465
65 300
Aim_slider
70210785
700000
652
495
65 300
1250 452
1199088
Aim_slider
71611875
700000
1202
464
65 300
685 527
1041648
Aim_slider
72728251
700000
720
529
65 300
914 250
679638
Aim_slider
73544566
700000
1090
520
65 300
905 284
599736
Aim_slider
76459415
700000
764
393
65 300
777 463
142393
Aim_slider
76660495
700000
802
689
65 300
846 647
121655
Aim_slider
76860442
700000
1097
362
65 300
1100 378
32557
Aim_slider
77044098
700000
1162
643
65 300
1188 614
77897
Aim_slider
77276777
700000
1517
179
65 300
1517 182
6000
Aim_slider
77676482
700000
822
488
65 300
834 490
24331
Aim_circle
79276064
700000
657
534
65 300
Aim_circle
79443226
700000
785
667
65 300
Aim_circle
79627124
700000
1066
469
65 300
Aim_circle
79795669
700000
1272
702
65 300
Aim_circle
80012090
700000
935
559
65 300
Aim_circle
80193049
700000
1164
557
65 300
Aim_circle
80375915
700000
1004
425
65 300
Aim_circle
80526008
700000
963
349
65 300
Aim_circle
80726442
700000
1058
616
65 300
Aim_circle
80942906
700000
1153
358
65 300
Aim_circle
81592450
700000
1322
456
65 300
Aim_circle
81791957
700000
1317
652
65 300
Aim_circle
81978374
700000
1098
643
65 300
Aim_circle
82176343
700000
1223
633
65 300
Aim_circle
82409235
700000
938
357
65 300
Aim_circle
82609884
700000
982
614
65 300
Aim_circle
82810191
700000
752
465
65 300
Aim_circle
82978119
700000
485
367
65 300
Aim_circle
84058770
700000
1282
328
65 300
Aim_circle
85458891
700000
874
390
65 300
Aim_circle
85642742
700000
954
724
65 300
Aim_circle
85859843
700000
1204
283
65 300
