Aim
New_map(1)
data/maps/New_map(1).txt
data\music\drum_go_dum.ogg
drum_go_dum
data\img\2.png
data/fonts/aller.ttf
data/sounds/click.ogg
Aim_circle
1350058
700000
540
250
65 300
Aim_slider
1350058
700000
1180.37
357.651
65 300
1621 178
2855314
Aim_spinner
3843561
1400000
960
540
600
Aim_slider
6662490
700000
294
332
65 300
1480 713
2491390
Aim_slider
9428495
700000
498
744
65 300
1426 198
2153416
Aim_circle
13517914
700000
466
492
65 300
Aim_circle
13950993
700000
1214
499
65 300
Aim_circle
14326947
700000
792
311
65 300
Aim_circle
14792571
700000
537
773
65 300
Aim_circle
15197622
700000
309
373
65 300
Aim_circle
15691280
700000
1357
827
65 300
Aim_circle
16049697
700000
819
523
65 300
Aim_slider
16913648
700000
350
758
65 300
1508 244
2533898
