Aim
New_map(7)
data/maps/New_map(7).txt
data\music\drum_go_dum.ogg
drum_go_dum
data\img\stronger.png
data/fonts/aller.ttf
data/sounds/click.ogg
Aim_circle
1599556
700000
333
423
65 300
Aim_circle
8599556
700000
770
702
65 300
Aim_circle
11599556
700000
1224
542
65 300
Aim_circle
15599556
700000
663
294
65 300
Aim_circle
18599556
700000
1387
446
65 300
Aim_circle
21599556
700000
719
654
65 300
Aim_slider
26599556
700000
393
641
65 300
1527 436
2304761
Aim_slider
32599556
700000
432
604
65 300
1612 535
2364031
Aim_slider
35599556
700000
817
200
65 300
1301 871
1654686
Aim_spinner
39899556
1400000
960
540
600
