Stronger
data\music\stronger.ogg
RMZS
stronk
Aim_circle
0
1592 500
590 384
65 300
Aim_circle
1
2126 500
1002 383
65 300
Aim_circle
2
2541 500
1148 157
65 300
Aim_circle
3
2941 500
1229 579
65 300
Aim_circle
4
3326 500
806 541
65 300
Aim_circle
5
3708 500
1101 633
65 300
Aim_circle
6
4093 500
772 340
65 300
Aim_circle
7
4608 500
746 342
65 300
Aim_circle
8
4659 500
746 342
65 300
Aim_circle
9
4692 500
746 342
65 300
Aim_circle
10
4726 500
746 342
65 300
Aim_circle
11
4759 500
746 342
65 300
Aim_circle
12
4792 500
746 342
65 300
Aim_circle
13
4826 500
746 342
65 300
Aim_circle
14
4859 500
746 342
65 300
Aim_circle
15
4893 500
746 342
65 300
Aim_circle
16
4926 500
746 342
65 300
Aim_circle
17
4959 500
746 342
65 300
Aim_circle
18
7792 500
553 413
65 300
Aim_circle
19
8159 500
984 471
65 300
Aim_circle
20
8525 500
592 523
65 300
Aim_circle
21
8907 500
951 604
65 300
Aim_circle
22
9258 500
954 308
65 300
Aim_circle
23
9626 500
1044 685
65 300
Aim_slider
24
10025 500
580 509
65 300
1508 511
1367
Aim_slider
25
13658 500
666 713
65 300
789 410
266
Aim_slider
26
14093 500
1034 573
65 300
783 276
265
Aim_slider
27
14559 500
974 115
65 300
887 341
181
Aim_slider
28
14958 500
553 202
65 300
734 323
234
Aim_slider
29
15340 500
1039 357
65 300
765 350
200
Aim_slider
30
15706 500
365 460
65 300
534 332
201
Aim_slider
31
16107 500
705 11
65 300
748 694
867
Aim_slider
32
17158 500
597 692
65 300
697 458
266
Aim_slider
33
17574 500
934 641
65 300
689 307
232
Aim_slider
34
17940 500
1164 457
65 300
926 284
235
Aim_slider
35
18374 500
1336 250
65 300
1374 684
182
Aim_slider
36
18722 500
1514 378
65 300
1606 745
186
Aim_slider
37
19090 500
830 681
65 300
1501 542
684
Aim_circle
38
20507 500
712 478
65 300
Aim_circle
39
20891 500
1122 521
65 300
Aim_circle
40
21291 500
1032 254
65 300
Aim_circle
41
21639 500
1014 726
65 300
Aim_slider
42
21991 500
537 597
65 300
962 101
1482
Aim_circle
43
25822 500
630 314
65 300
Aim_circle
44
26156 500
726 610
65 300
Aim_circle
45
26507 500
1053 550
65 300
Aim_circle
46
26889 500
765 344
65 300
Aim_circle
47
27289 500
1115 353
65 300
Aim_circle
48
27656 500
862 400
65 300
Aim_circle
49
28057 500
1160 325
65 300
Aim_circle
50
28424 500
822 470
65 300
Aim_circle
51
28790 500
1127 440
65 300
Aim_circle
52
29173 500
823 414
65 300
Aim_circle
53
29555 500
1141 431
65 300
Aim_circle
54
29922 500
831 441
65 300
Aim_circle
55
30274 500
1118 420
65 300
Aim_circle
56
30640 500
830 427
65 300
Aim_circle
57
31040 500
1128 424
65 300
Aim_circle
58
31407 500
810 424
65 300
Aim_circle
59
31788 500
1062 421
65 300
Aim_circle
60
32141 500
850 411
65 300
Aim_circle
61
32488 500
962 406
65 300
Aim_circle
62
32905 500
896 408
65 300
Aim_circle
63
33273 500
955 410
65 300
Aim_circle
64
33639 500
911 412
65 300
Aim_circle
65
34022 500
991 410
65 300
Aim_circle
66
34389 500
944 408
65 300
Aim_circle
67
34773 500
978 407
65 300
Aim_circle
68
35107 500
950 407
65 300
Aim_circle
69
35521 500
972 403
65 300
Aim_circle
70
35906 500
940 404
65 300
Aim_circle
71
36221 500
957 404
65 300
Aim_circle
72
36606 500
939 404
65 300
Aim_circle
73
37007 500
967 402
65 300
Aim_circle
74
37206 500
955 402
65 300
Aim_circle
75
37355 500
955 402
65 300
Aim_circle
76
37521 500
941 402
65 300
Aim_circle
77
37640 500
943 401
65 300
Aim_circle
78
37754 500
943 401
65 300
Aim_circle
79
37873 500
943 401
65 300
Aim_circle
80
37973 500
943 401
65 300
Aim_circle
81
38121 500
943 401
65 300
Aim_circle
82
38206 500
943 401
65 300
Aim_circle
83
38373 500
943 401
65 300
Aim_circle
84
38506 500
943 401
65 300
Aim_circle
85
38621 500
943 401
65 300
Aim_circle
86
38754 500
943 401
65 300
Aim_circle
87
38873 500
943 401
65 300
Aim_circle
88
38973 500
943 401
65 300
Aim_circle
89
39121 500
943 401
65 300
Aim_circle
90
39239 500
943 401
65 300
Aim_circle
91
39374 500
943 401
65 300
Aim_circle
92
39507 500
943 401
65 300
Aim_circle
93
39688 500
943 401
65 300
Aim_circle
94
39773 500
943 401
65 300
Aim_circle
95
40088 500
856 385
65 300
Aim_circle
96
40454 500
985 434
65 300
Aim_circle
97
40788 500
978 252
65 300
Aim_circle
98
41005 500
1054 593
65 300
Aim_circle
99
41188 500
1249 277
65 300
Aim_circle
100
41555 500
1347 676
65 300
Aim_circle
101
41888 500
1511 292
65 300
Aim_circle
102
42288 500
1533 671
65 300
Aim_circle
103
42687 500
990 465
65 300
Aim_circle
104
43039 500
1353 377
65 300
Aim_circle
105
43421 500
874 413
65 300
Aim_circle
106
43820 500
908 666
65 300
Aim_circle
107
44187 500
1098 529
65 300
Aim_circle
108
44421 500
720 375
65 300
Aim_circle
109
44620 500
1040 213
65 300
Aim_circle
110
44972 500
1165 620
65 300
Aim_circle
111
45306 500
766 617
65 300
Aim_circle
112
45654 500
1126 540
65 300
Aim_circle
113
45887 500
806 265
65 300
Aim_circle
114
46071 500
811 242
65 300
Aim_circle
115
46455 500
648 583
65 300
Aim_circle
116
46804 500
935 568
65 300
Aim_circle
117
47003 500
480 336
65 300
Aim_circle
118
47237 500
680 197
65 300
Aim_circle
119
47588 500
742 553
65 300
Aim_circle
120
47905 500
889 417
65 300
Aim_circle
121
48272 500
572 304
65 300
Aim_circle
122
48620 500
562 588
65 300
Aim_circle
123
49005 500
929 545
65 300
Aim_circle
124
49404 500
977 298
65 300
Aim_circle
125
49770 500
1165 689
65 300
Aim_circle
126
50171 500
683 641
65 300
Aim_circle
127
50420 500
943 602
65 300
Aim_circle
128
50620 500
448 493
65 300
Aim_circle
129
50971 500
837 454
65 300
Aim_circle
130
51320 500
603 439
65 300
Aim_circle
131
51453 500
694 455
65 300
Aim_circle
132
51606 500
801 484
65 300
Aim_circle
133
51719 500
705 466
65 300
Aim_circle
134
51888 500
579 397
65 300
Aim_circle
135
52203 500
614 327
65 300
Aim_circle
136
52488 500
591 635
65 300
Aim_circle
137
52837 500
859 368
65 300
Aim_circle
138
53071 500
898 768
65 300
Aim_circle
139
53253 500
1051 457
65 300
Aim_circle
140
53586 500
1091 747
65 300
Aim_circle
141
53921 500
503 546
65 300
Aim_circle
142
54269 500
1021 400
65 300
Aim_circle
143
54670 500
776 223
65 300
Aim_circle
144
55054 500
764 603
65 300
Aim_circle
145
55437 500
528 406
65 300
Aim_circle
146
55788 500
507 689
65 300
Aim_circle
147
56170 500
1034 637
65 300
Aim_circle
148
56370 500
466 405
65 300
Aim_circle
149
56602 500
1051 268
65 300
Aim_circle
150
56936 500
755 366
65 300
Aim_circle
151
57288 500
966 775
65 300
Aim_circle
152
57702 500
1226 710
65 300
Aim_circle
153
57903 500
718 623
65 300
Aim_circle
154
58120 500
1210 333
65 300
Aim_circle
155
58454 500
1310 721
65 300
Aim_circle
156
58786 500
595 428
65 300
Aim_circle
157
59003 500
1046 379
65 300
Aim_circle
158
59186 500
905 88
65 300
Aim_circle
159
59571 500
840 639
65 300
Aim_circle
160
59871 500
507 557
65 300
Aim_circle
161
60252 500
1192 719
65 300
Aim_circle
162
60604 500
1216 329
65 300
Aim_circle
163
61054 500
695 567
65 300
Aim_circle
164
61386 500
661 330
65 300
Aim_circle
165
61620 500
637 575
65 300
Aim_circle
166
61837 500
886 486
65 300
Aim_circle
167
62153 500
596 418
65 300
Aim_circle
168
62519 500
652 618
65 300
Aim_circle
169
62936 500
831 564
65 300
Aim_circle
170
63286 500
1055 456
65 300
Aim_circle
171
63670 500
1279 456
65 300
Aim_circle
172
64052 500
625 333
65 300
Aim_circle
173
64454 500
657 655
65 300
Aim_circle
174
64802 500
930 598
65 300
Aim_circle
175
64987 500
284 403
65 300
Aim_circle
176
65168 500
364 342
65 300
Aim_circle
177
65554 500
822 343
65 300
Aim_circle
178
65920 500
1302 239
65 300
Aim_circle
179
66268 500
1328 631
65 300
Aim_circle
180
66642 500
711 575
65 300
Aim_circle
181
67035 500
983 315
65 300
Aim_circle
182
67386 500
1047 653
65 300
Aim_circle
183
67753 500
1277 493
65 300
Aim_circle
184
68135 500
513 511
65 300
Aim_circle
185
68386 500
969 406
65 300
Aim_circle
186
68586 500
700 245
65 300
Aim_circle
187
68934 500
748 667
65 300
Aim_circle
188
69320 500
1001 624
65 300
Aim_circle
189
69702 500
522 446
65 300
Aim_circle
190
69919 500
701 339
65 300
Aim_circle
191
70102 500
814 194
65 300
Aim_circle
192
70451 500
926 526
65 300
Aim_circle
193
70818 500
420 581
65 300
Aim_circle
194
71018 500
900 618
65 300
Aim_circle
195
71235 500
697 179
65 300
Aim_circle
196
71568 500
1093 527
65 300
Aim_circle
197
71936 500
696 444
65 300
Aim_circle
198
72319 500
990 275
65 300
Aim_circle
199
72670 500
1105 711
65 300
Aim_circle
200
73035 500
689 726
65 300
Aim_circle
201
73470 500
1026 651
65 300
Aim_circle
202
73801 500
913 300
65 300
Aim_circle
203
74136 500
853 660
65 300
Aim_circle
204
74385 500
514 461
65 300
Aim_circle
205
74602 500
934 310
65 300
Aim_circle
206
74936 500
1155 836
65 300
Aim_circle
207
75302 500
1301 685
65 300
Aim_circle
208
75536 500
717 564
65 300
Aim_circle
209
75751 500
1033 907
65 300
Aim_circle
210
75920 500
562 755
65 300
Aim_circle
211
76119 500
528 464
65 300
Aim_circle
212
76501 500
765 868
65 300
Aim_circle
213
76852 500
1038 788
65 300
Aim_circle
214
77067 500
774 560
65 300
Aim_circle
215
77252 500
778 444
65 300
Aim_circle
216
77619 500
576 847
65 300
Aim_circle
217
77952 500
878 862
65 300
Aim_circle
218
78352 500
711 525
65 300
Aim_circle
219
78701 500
529 851
65 300
Aim_circle
220
79052 500
838 740
65 300
Aim_circle
221
79451 500
592 578
65 300
Aim_circle
222
79735 500
626 951
65 300
Aim_circle
223
80102 500
1023 911
65 300
Aim_circle
224
80385 500
736 591
65 300
Aim_circle
225
80586 500
712 435
65 300
Aim_circle
226
80900 500
1253 446
65 300
Aim_circle
227
81268 500
1246 940
65 300
Aim_circle
228
81636 500
457 767
65 300
Aim_circle
229
81835 500
631 439
65 300
Aim_circle
230
82035 500
743 410
65 300
Aim_circle
231
82336 500
884 999
65 300
Aim_circle
232
82768 500
966 481
65 300
Aim_circle
233
82969 500
1054 915
65 300
Aim_circle
234
83169 500
657 476
65 300
Aim_circle
235
83568 500
1068 706
65 300
Aim_circle
236
83884 500
532 843
65 300
Aim_circle
237
84235 500
939 729
65 300
Aim_circle
238
84600 500
796 471
65 300
Aim_circle
239
84984 500
860 849
65 300
Aim_circle
240
85385 500
926 587
65 300
Aim_circle
241
85699 500
1087 937
65 300
Aim_circle
242
86017 500
657 774
65 300
Aim_slider
243
86533 500
445 358
65 300
760 623
200
Aim_slider
244
86951 500
828 441
65 300
985 737
165
Aim_slider
245
87349 500
1163 525
65 300
1412 849
134
Aim_circle
246
91983 500
558 598
65 300
Aim_circle
247
92249 500
755 440
65 300
Aim_circle
248
92600 500
1123 454
65 300
Aim_circle
249
92949 500
1287 730
65 300
Aim_circle
250
93334 500
844 772
65 300
Aim_circle
251
93667 500
1188 766
65 300
Aim_slider
252
94082 500
201 407
65 300
1637 406
2951
Aim_circle
253
97816 500
440 347
65 300
Aim_circle
254
98183 500
475 649
65 300
Aim_circle
255
98549 500
745 281
65 300
Aim_circle
256
98931 500
822 634
65 300
Aim_circle
257
99315 500
1038 285
65 300
Aim_circle
258
99648 500
1113 632
65 300
Aim_slider
259
100031 500
1571 428
65 300
377 422
2184
Aim_circle
260
103815 500
826 253
65 300
Aim_circle
261
104199 500
907 759
65 300
Aim_circle
262
104533 500
1282 486
65 300
Aim_circle
263
104932 500
576 494
65 300
Aim_circle
264
105283 500
864 216
65 300
Aim_circle
265
105630 500
937 676
65 300
Aim_slider
266
106031 500
486 404
65 300
1460 400
467
Aim_circle
267
106998 500
1336 688
65 300
Aim_circle
268
107316 500
1078 224
65 300
Aim_circle
269
107564 500
889 612
65 300
Aim_circle
270
107965 500
718 282
65 300
Aim_circle
271
108315 500
521 681
65 300
Aim_circle
272
108649 500
471 354
65 300
Aim_slider
273
109015 500
274 489
65 300
1498 483
416
Aim_circle
274
110514 500
1445 269
65 300
Aim_circle
275
110899 500
1484 650
65 300
Aim_circle
276
111264 500
839 628
65 300
Aim_circle
277
111598 500
1243 635
65 300
Aim_circle
278
111998 500
981 134
65 300
Aim_circle
279
112414 500
839 620
65 300
Aim_circle
280
112832 500
1156 600
65 300
Aim_circle
281
113231 500
577 451
65 300
Aim_circle
282
113580 500
907 245
65 300
Aim_circle
283
113946 500
967 639
65 300
Aim_circle
284
114299 500
507 599
65 300
Aim_circle
285
114680 500
1172 666
65 300
Aim_circle
286
115031 500
1145 317
65 300
Aim_circle
287
115398 500
1064 769
65 300
Aim_circle
288
115781 500
605 666
65 300
Aim_circle
289
116147 500
1093 750
65 300
Aim_circle
290
116497 500
997 404
65 300
Aim_circle
291
116863 500
1022 756
65 300
Aim_circle
292
117246 500
601 666
65 300
Aim_circle
293
117614 500
1138 731
65 300
Aim_slider
294
118031 500
641 341
65 300
698 717
449
Aim_slider
295
118763 500
985 275
65 300
1063 766
484
Aim_slider
296
119596 500
1229 306
65 300
1344 774
433
Aim_slider
297
120313 500
445 549
65 300
1064 480
450
Aim_slider
298
121081 500
726 148
65 300
809 651
432
Aim_slider
299
121780 500
444 477
65 300
1003 438
433
Aim_slider
300
122480 500
869 163
65 300
935 679
466
Aim_slider
301
123263 500
590 459
65 300
1044 659
465
Aim_slider
302
124046 500
1284 284
65 300
854 692
516
Aim_slider
303
124795 500
768 359
65 300
1272 677
401
Aim_slider
304
125464 500
1257 311
65 300
859 650
450
Aim_slider
305
126181 500
742 214
65 300
1137 690
515
Aim_slider
306
127081 500
1171 302
65 300
709 593
414
Aim_slider
307
127746 500
780 206
65 300
1184 692
400
Aim_slider
308
128496 500
1299 224
65 300
787 611
466
Aim_slider
309
129246 500
790 154
65 300
1158 732
400
Aim_circle
310
130111 500
297 103
65 300
Aim_circle
311
130414 500
351 87
65 300
Aim_circle
312
130828 500
452 87
65 300
Aim_circle
313
131178 500
600 85
65 300
Aim_circle
314
131545 500
1011 83
65 300
Aim_circle
315
131914 500
1194 71
65 300
Aim_circle
316
132296 500
1554 60
65 300
Aim_circle
317
132678 500
1698 192
65 300
Aim_circle
318
133046 500
1702 393
65 300
Aim_circle
319
133412 500
1675 641
65 300
Aim_circle
320
133812 500
1670 827
65 300
Aim_circle
321
134179 500
1572 901
65 300
Aim_circle
322
134528 500
1317 952
65 300
Aim_circle
323
134895 500
1084 927
65 300
Aim_circle
324
135278 500
747 932
65 300
Aim_circle
325
135662 500
527 903
65 300
Aim_circle
326
136027 500
394 681
65 300
Aim_circle
327
136428 500
391 434
65 300
Aim_circle
328
136794 500
464 260
65 300
Aim_circle
329
137178 500
716 154
65 300
Aim_circle
330
137578 500
1053 114
65 300
Aim_circle
331
137944 500
1273 150
65 300
Aim_circle
332
138310 500
1395 464
65 300
Aim_circle
333
138662 500
1311 637
65 300
Aim_circle
334
139062 500
998 758
65 300
Aim_circle
335
139428 500
687 757
65 300
Aim_circle
336
139728 500
615 404
65 300
Aim_circle
337
139962 500
1026 383
65 300
Aim_circle
338
140289 500
841 642
65 300
Aim_circle
339
140511 500
687 361
65 300
Aim_circle
340
140694 500
1132 484
65 300
Aim_circle
341
140894 500
973 386
65 300
Aim_circle
342
141093 500
949 498
65 300
Aim_circle
343
141294 500
1110 478
65 300
Aim_circle
344
141511 500
981 376
65 300
Aim_circle
345
141694 500
947 476
65 300
Aim_circle
346
141860 500
977 477
65 300
Aim_circle
347
142127 500
975 333
65 300
Aim_circle
348
142478 500
1098 738
65 300
Aim_circle
349
142811 500
722 661
65 300
Aim_circle
350
143011 500
598 334
65 300
Aim_circle
351
143227 500
630 396
65 300
Aim_circle
352
143579 500
691 1076
65 300
Aim_circle
353
143946 500
1172 775
65 300
Aim_circle
354
144278 500
526 373
65 300
Aim_circle
355
144627 500
965 328
65 300
Aim_circle
356
145010 500
980 69
65 300
Aim_circle
357
145362 500
1257 740
65 300
Aim_circle
358
145761 500
1598 504
65 300
Aim_circle
359
146195 500
812 586
65 300
Aim_circle
360
146411 500
630 151
65 300
Aim_circle
361
146610 500
591 378
65 300
Aim_circle
362
146960 500
595 840
65 300
Aim_circle
363
147326 500
1307 781
65 300
Aim_circle
364
147677 500
764 684
65 300
Aim_circle
365
147910 500
788 380
65 300
Aim_circle
366
148110 500
825 297
65 300
Aim_circle
367
148461 500
1396 691
65 300
Aim_circle
368
148794 500
744 800
65 300
Aim_circle
369
149011 500
1157 854
65 300
Aim_circle
370
149227 500
912 379
65 300
Aim_circle
371
149560 500
693 655
65 300
Aim_circle
372
149926 500
1262 740
65 300
Aim_circle
373
150278 500
1419 402
65 300
Aim_circle
374
150612 500
1615 918
65 300
Aim_circle
375
151012 500
860 827
65 300
Aim_circle
376
151360 500
1290 804
65 300
Aim_circle
377
151779 500
1118 433
65 300
Aim_circle
378
152160 500
1157 903
65 300
Aim_circle
379
152377 500
562 647
65 300
Aim_circle
380
152594 500
929 552
65 300
Aim_circle
381
152945 500
716 387
65 300
Aim_circle
382
153294 500
703 714
65 300
Aim_circle
383
153678 500
1168 655
65 300
Aim_circle
384
153911 500
611 560
65 300
Aim_circle
385
154111 500
868 314
65 300
Aim_circle
386
154460 500
712 556
65 300
Aim_circle
387
154759 500
380 338
65 300
Aim_circle
388
154976 500
991 728
65 300
Aim_circle
389
155192 500
1224 459
65 300
Aim_circle
390
155543 500
1302 878
65 300
Aim_circle
391
155926 500
1391 574
65 300
Aim_circle
392
156259 500
1077 917
65 300
Aim_circle
393
156643 500
921 616
65 300
Aim_circle
394
157010 500
771 864
65 300
Aim_circle
395
157411 500
559 405
65 300
Aim_circle
396
157776 500
634 866
65 300
Aim_circle
397
158160 500
1141 839
65 300
Aim_circle
398
158360 500
594 730
65 300
Aim_circle
399
158592 500
869 490
65 300
Aim_circle
400
158943 500
894 838
65 300
Aim_circle
401
159292 500
388 523
65 300
Aim_circle
402
159658 500
708 535
65 300
Aim_circle
403
159876 500
706 358
65 300
Aim_circle
404
160092 500
706 339
65 300
Aim_circle
405
160477 500
685 845
65 300
Aim_circle
406
160828 500
1112 865
65 300
Aim_circle
407
161044 500
557 607
65 300
Aim_circle
408
161258 500
873 527
65 300
Aim_circle
409
161593 500
1042 380
65 300
Aim_circle
410
161909 500
1251 836
65 300
Aim_circle
411
162259 500
615 837
65 300
Aim_circle
412
162677 500
1006 815
65 300
Aim_circle
413
163025 500
995 588
65 300
Aim_circle
414
163377 500
1065 935
65 300
Aim_circle
415
163642 500
1285 884
65 300
Aim_circle
416
163859 500
1040 685
65 300
Aim_circle
417
164192 500
1214 920
65 300
Aim_circle
418
164658 500
1348 557
65 300
Aim_circle
419
164924 500
784 505
65 300
Aim_circle
420
165109 500
567 445
65 300
Aim_circle
421
165291 500
303 607
65 300
Aim_circle
422
165642 500
618 882
65 300
Aim_circle
423
166044 500
1305 284
65 300
Aim_circle
424
166442 500
1433 815
65 300
Aim_circle
425
166794 500
689 596
65 300
Aim_circle
426
167011 500
1108 569
65 300
Aim_circle
427
167226 500
1026 329
65 300
Aim_circle
428
167558 500
1043 789
65 300
Aim_circle
429
167892 500
415 575
65 300
Aim_circle
430
168241 500
1028 509
65 300
Aim_circle
431
168608 500
1029 260
65 300
Aim_circle
432
168991 500
1153 880
65 300
Aim_circle
433
169391 500
1485 685
65 300
Aim_circle
434
169777 500
886 681
65 300
Aim_circle
435
170175 500
1175 542
65 300
Aim_circle
436
170390 500
840 451
65 300
Aim_circle
437
170624 500
1228 518
65 300
Aim_circle
438
170943 500
667 880
65 300
Aim_circle
439
171342 500
995 890
65 300
Aim_circle
440
171658 500
498 586
65 300
Aim_circle
441
171908 500
622 883
65 300
Aim_circle
442
172108 500
666 779
65 300
Aim_circle
443
172508 500
738 359
65 300
Aim_circle
444
172809 500
854 891
65 300
Aim_circle
445
173057 500
1167 644
65 300
Aim_circle
446
173275 500
572 441
65 300
Aim_circle
447
173590 500
716 887
65 300
Aim_circle
448
173925 500
1250 866
65 300
Aim_circle
449
174275 500
782 673
65 300
Aim_circle
450
174676 500
1140 482
65 300
Aim_circle
451
175043 500
1365 912
65 300
Aim_circle
452
175375 500
781 905
65 300
Aim_circle
453
175724 500
1311 862
65 300
Aim_circle
454
176175 500
570 774
65 300
Aim_circle
455
176409 500
349 673
65 300
Aim_circle
456
176641 500
265 596
65 300
Aim_circle
457
176958 500
302 372
65 300
Aim_circle
458
177324 500
692 188
65 300
Aim_circle
459
177690 500
876 750
65 300
Aim_circle
460
178075 500
1332 326
65 300
Aim_circle
461
178458 500
1468 783
65 300
Aim_circle
462
178808 500
777 744
65 300
Aim_circle
463
179008 500
1139 701
65 300
Aim_circle
464
179258 500
954 367
65 300
Aim_circle
465
179592 500
1016 899
65 300
Aim_circle
466
179924 500
374 734
65 300
Aim_circle
467
180291 500
1012 713
65 300
Aim_circle
468
180657 500
939 355
65 300
Aim_circle
469
181008 500
1001 767
65 300
Aim_circle
470
181390 500
1478 617
65 300
Aim_circle
471
181758 500
1621 260
65 300
Aim_circle
472
182157 500
753 320
65 300
Aim_circle
473
182557 500
586 714
65 300
Aim_circle
474
182940 500
1045 770
65 300
Aim_circle
475
183291 500
870 594
65 300
Aim_circle
476
184073 500
251 708
65 300
Aim_circle
477
184458 500
488 676
65 300
Aim_circle
478
184840 500
613 675
65 300
Aim_circle
479
185192 500
858 673
65 300
Aim_circle
480
185590 500
1023 670
65 300
Aim_circle
481
185942 500
1262 670
65 300
Aim_circle
482
186291 500
1466 702
65 300
Aim_circle
483
186674 500
1540 744
65 300
Aim_circle
484
187074 500
922 523
65 300
Aim_circle
485
187440 500
703 765
65 300
Aim_circle
486
187808 500
364 527
65 300
Aim_circle
487
188157 500
492 755
65 300
Aim_circle
488
188541 500
783 466
65 300
Aim_circle
489
188890 500
914 899
65 300
Aim_circle
490
189289 500
1332 610
65 300
Aim_slider
491
190073 500
664 430
65 300
794 824
1066
Aim_slider
492
191622 500
426 756
65 300
1007 711
1234
Aim_slider
493
193157 500
1155 440
65 300
959 891
849
Aim_slider
494
194257 500
624 826
65 300
735 331
1133
Aim_slider
495
196072 500
443 317
65 300
695 705
1084
Aim_slider
496
197590 500
786 441
65 300
551 817
1166
Aim_slider
497
199090 500
458 403
65 300
684 812
916
Aim_slider
498
200272 500
504 781
65 300
1042 628
1117
